listing_id,high,medium,low
7142618,0.0440735991226404,0.1804048056179816,0.7755215952593779
7210040,0.1280949126479381,0.3667239641956709,0.5051811231563911
7103890,0.0,0.0,1.0
7143442,0.06914903659863597,0.30611778675256973,0.6247331766487942
6860601,0.0,0.17579022819190387,0.8242097718080961
6840081,0.0,0.16523809523809524,0.8347619047619046
6922337,0.12096695773014654,0.3873091769157601,0.4917238653540933
6913616,0.2357956462470791,0.2815336797862919,0.4826706739666289
6937820,0.15929252192830007,0.3413375803955557,0.49936989767614415
6893933,0.11279653423940102,0.31752654458292884,0.5696769211776702
6832604,0.0,0.16823926073926074,0.8317607392607392
6915282,0.07219149793063148,0.25397427488773494,0.6738342271816335
7127565,0.0,0.15499877143839993,0.8450012285616001
6827899,0.051314939540745994,0.12775861685132855,0.8209264436079253
6934855,0.10945165945165947,0.36195165945165947,0.5285966810966811
6861826,0.0,0.15505384823706075,0.8449461517629391
6871643,0.050834394658903895,0.23176239517296443,0.7174032101681317
6842542,0.0,0.0,1.0
6934145,0.0,0.678030303030303,0.3219696969696969
6829365,0.09117026059901397,0.3148139650283291,0.594015774372657
7167858,0.10963958977203223,0.2952329267339094,0.5951274834940583
6859483,0.10595491343263959,0.22939584606598734,0.664649240501373
6861377,0.0,0.0,1.0
6848960,0.11473994552917359,0.46993258905405444,0.41532746541677196
6918850,0.0,0.07683473389355742,0.9231652661064427
6916867,0.2359375097097512,0.3285372036628432,0.43552528662740564
6895840,0.0,0.12693604769843161,0.8730639523015684
6813539,0.472075485273695,0.31883861005855896,0.2090859046677461
7116900,0.0,0.41000000000000003,0.59
6890328,0.472075485273695,0.31883861005855896,0.2090859046677461
6879406,0.0,0.0,1.0
6824924,0.1091384041303051,0.34120920507807984,0.5496523907916151
6911302,0.15645374961253616,0.33051960913239653,0.5130266412550674
6918742,0.15608585858585858,0.5788888888888889,0.26502525252525255
6910586,0.0,0.0,1.0
6821750,0.0319928399146916,0.1292097956559501,0.8387973644293583
6860647,0.04742503500279279,0.20897394686741957,0.7436010181297876
6932873,0.2,0.0,0.8
6846053,0.0,0.41666666666666663,0.5833333333333333
6940365,0.0,0.12071789321789321,0.8792821067821068
6931867,0.10803287563670169,0.35571924422093426,0.536247880142364
6876383,0.0,0.0,1.0
6910980,0.05668510829191655,0.2236822395843229,0.7196326521237606
6880877,0.09769238193074155,0.29320199462590696,0.6091056234433514
6839552,0.04091168403658417,0.24404660130304578,0.71504171466037
6838051,0.1218426696018287,0.4688991616516443,0.409258168746527
6928201,0.7099378149768583,0.13457013650917715,0.15549204851396453
6945608,0.15868300365046095,0.33079203446835803,0.5105249618811811
6816147,0.043007600564654795,0.2685862158682448,0.6884061835671004
6868129,0.05287459241444061,0.12291323381219017,0.8242121737733692
6849448,0.07662719071866324,0.24146169549421911,0.6819111137871177
7113677,0.2763636363636363,0.5692640692640694,0.15437229437229438
6930856,0.034810064293427215,0.2911787232573303,0.6740112124492426
6889594,0.06876345399970217,0.24295227772116562,0.6882842682791322
6842682,0.0,0.0,1.0
6880366,0.08689490594138187,0.30751175170859335,0.6055933423500248
6835063,0.0,0.04973673527381967,0.9502632647261804
6820479,0.408522962466355,0.14156841105875947,0.4499086264748856
6882057,0.0,0.26666666666666666,0.7333333333333334
6834440,0.0,0.22261904761904758,0.7773809523809524
6880846,0.07195079583043566,0.26809766316223127,0.6599515410073331
6847248,0.0,0.07745915032679737,0.9225408496732026
6868368,0.0,0.0,1.0
6943505,0.0,0.15532467532467534,0.8446753246753247
7174304,0.11144797360107142,0.2601523526378723,0.6283996737610563
6880747,0.0,0.55,0.4499999999999999
6933565,0.0,0.03333333333333333,0.9666666666666666
6888511,0.0,0.0,1.0
6942704,0.1253745492284703,0.4092449616231243,0.46538048914840546
6840304,0.0793469357288614,0.3268553212285602,0.5937977430425784
6856860,0.0,0.05055413782960313,0.949445862170397
6884921,0.028396915393843074,0.12746726164576133,0.8441358229603957
6937417,0.0,0.11390107187740964,0.8860989281225903
6831129,0.0,0.12168553852519617,0.878314461474804
6936660,0.15929252192830007,0.3413375803955557,0.49936989767614415
6940667,0.016638748922043364,0.1267068775018641,0.8566543735760923
7201307,0.0,0.0,1.0
6825434,0.03682531385118369,0.15877971138286298,0.8043949747659533
6848114,0.283097798238903,0.3550206434904415,0.3618815582706555
6947758,0.7099378149768583,0.13457013650917715,0.15549204851396453
6897002,0.13755340133931598,0.4055903182267683,0.4568562804339157
6926661,0.0,0.04202814729130518,0.9579718527086948
6867411,0.1091384041303051,0.34120920507807984,0.5496523907916151
6910154,0.024733904425403873,0.17470395966527025,0.8005621359093258
7157900,0.03325012264140872,0.09258019172307697,0.8741696856355142
6922324,0.0,0.15505384823706075,0.8449461517629391
6863068,0.08374115760788621,0.33501767465333854,0.5812411677387752
6912109,0.032457134066459704,0.22979529720359876,0.7377475687299415
6918609,0.07587452191808569,0.28528074628281913,0.6388447317990953
6889300,0.039305511353840056,0.1502000832771678,0.8104944053689922
6837794,0.12096695773014654,0.3873091769157601,0.4917238653540933
6943098,0.28246032840146984,0.3113847952686536,0.40615487632987657
6927601,0.03299874813000325,0.18165498137811512,0.7853462704918815
6897826,0.06627843373101994,0.12273797977246255,0.8109835864965176
6882892,0.0,0.0,1.0
6873384,0.15322925938975843,0.2098736611079909,0.6368970795022506
6934693,0.13409259784024288,0.30358357690082455,0.5623238252589327
7224450,0.043007600564654795,0.2685862158682448,0.6884061835671004
6898157,0.06207938146018641,0.10307005258243648,0.834850565957377
6837355,0.0,0.0,1.0
6830595,0.08689490594138187,0.30751175170859335,0.6055933423500248
6943561,0.19878410995866214,0.30819362298378206,0.4930222670575558
6844380,0.06735013906003984,0.34936387444610034,0.5832859864938598
6814286,0.04742503500279279,0.20897394686741957,0.7436010181297876
6898520,0.08085976695567784,0.25678140774175745,0.6623588253025647
6940979,0.16946470355338433,0.28728729858177726,0.5432479978648385
6851090,0.2699025206084541,0.36766952159580935,0.36242795779573656
7107169,0.04742503500279279,0.20897394686741957,0.7436010181297876
6830287,0.16946470355338433,0.28728729858177726,0.5432479978648385
6933575,0.11144797360107142,0.2601523526378723,0.6283996737610563
6938972,0.0,0.050694444444444445,0.9493055555555555
6888315,0.08015588771393725,0.0,0.9198441122860628
6855106,0.032457134066459704,0.22979529720359876,0.7377475687299415
6838237,0.19835505689388128,0.3962008719351894,0.4054440711709294
6901024,0.0,0.0,1.0
6846627,0.061421208949241635,0.1942692452390436,0.7443095458117147
7219857,0.013941135968928042,0.09799229655041666,0.8880665674806553
6852685,0.15002774983681988,0.3296923453364343,0.5202799048267459
6831610,0.04301767676767677,0.2978555089187745,0.6591268143135488
6943538,0.0,0.4416666666666666,0.5583333333333333
6911637,0.0,0.04202814729130518,0.9579718527086948
6854543,0.0,0.05055413782960313,0.949445862170397
6940451,0.0,0.35837259060169274,0.6416274093983072
6819530,0.11279653423940102,0.31752654458292884,0.5696769211776702
7093396,0.24082217440935594,0.37594471171639715,0.38323311387424697
6840326,0.0,0.11194444444444444,0.8880555555555556
6834204,0.0,0.0,1.0
6902518,0.1778286375674109,0.3182787568504221,0.5038926055821669
6930253,0.0,0.1924586261159801,0.8075413738840199
6828293,0.0,0.0,1.0
7203744,0.7104761904761904,0.0,0.2895238095238095
6816478,0.0,0.0,1.0
6868890,0.0,0.0727907268170426,0.9272092731829573
6879338,0.03996071883423612,0.2569257680824544,0.7031135130833094
6898532,0.06849843346066324,0.2937204198533593,0.6377811466859775
6899965,0.08689490594138187,0.30751175170859335,0.6055933423500248
7133875,0.03886744256589287,0.21443886074660573,0.7466936966875015
6822218,0.0,0.5114285714285715,0.48857142857142855
6814018,0.16946470355338433,0.28728729858177726,0.5432479978648385
6896376,0.11279653423940102,0.31752654458292884,0.5696769211776702
6918670,0.11279653423940102,0.31752654458292884,0.5696769211776702
6867839,0.0,0.0,1.0
6823554,0.0,0.050473031190321024,0.9495269688096789
6934798,0.07963231331307746,0.29792302497229983,0.6224446617146228
6820823,0.11179855386960505,0.41552033123223325,0.4726811148981616
6880212,0.0,0.1887406025778119,0.811259397422188
6934814,0.025580044192255846,0.27865538531909934,0.6957645704886448
7254134,0.0,0.18500000000000003,0.8149999999999998
6938303,0.11279653423940102,0.31752654458292884,0.5696769211776702
6813807,0.09942990874605942,0.3253607930838857,0.5752092981700548
6878604,0.0,0.0,1.0
6876763,0.0,0.13095238095238093,0.869047619047619
6844352,0.024733904425403873,0.17470395966527025,0.8005621359093258
6915939,0.17476962627355241,0.34172373342880236,0.4835066402976452
7109370,0.09417972624632993,0.18415056745422032,0.7216697062994497
6855445,0.0,1.0,0.0
6818668,0.10908086445265053,0.3628016559771996,0.52811747957015
6836527,0.0,0.0,1.0
6831717,0.0,0.017392857142857144,0.9826071428571428
6937162,0.18241649754077688,0.16324177799508446,0.6543417244641386
6922876,0.15002774983681988,0.3296923453364343,0.5202799048267459
7109482,0.06914903659863597,0.30611778675256973,0.6247331766487942
6940972,0.0905866006874846,0.17227101609407647,0.737142383218439
6883790,0.1778286375674109,0.3182787568504221,0.5038926055821669
6921643,0.13409259784024288,0.30358357690082455,0.5623238252589327
6935700,0.0,0.0,1.0
6827025,0.0,0.2174603174603175,0.7825396825396824
6943096,0.0,0.0,1.0
7161468,0.10963958977203223,0.2952329267339094,0.5951274834940583
6879610,0.2885964912280702,0.6324561403508772,0.07894736842105263
6935762,0.0,0.3833333333333333,0.6166666666666666
6925042,0.0,0.2758853646353646,0.7241146353646354
7121050,0.03996071883423612,0.2569257680824544,0.7031135130833094
6821601,0.1719490447515794,0.26650358283511316,0.5615473724133075
6926810,0.04742503500279279,0.20897394686741957,0.7436010181297876
6946532,0.012123830457620555,0.14080519685284282,0.8470709726895367
6875171,0.10307908340113041,0.39655616993777393,0.5003647466610956
7096285,0.0,0.4685714285714286,0.5314285714285714
6812321,0.040659259891381666,0.19662487742211304,0.7627158626865053
6822697,0.2919627182745623,0.5070126658282581,0.20102461589717957
6941294,0.0,0.06228310684435821,0.9377168931556417
6873564,0.0,0.0,1.0
6926791,0.0,0.0850688332984891,0.9149311667015109
7142444,0.6600964313464314,0.15315129315129314,0.18675227550227552
6878128,0.14920604879420452,0.37684274225728476,0.47395120894851084
6927428,0.0,0.07337662337662337,0.9266233766233766
6812674,0.011486973692473968,0.11778261444353619,0.8707304118639898
6881774,0.0,0.278030303030303,0.7219696969696969
7167797,0.0,0.12920995670995672,0.8707900432900433
6865238,0.10801628738605269,0.45537110345906306,0.43661260915488426
6841710,0.08913427263494898,0.2595793021906357,0.6512864251744154
6856334,0.0,0.0,1.0
6906462,0.0,0.15296988317207688,0.8470301168279232
6837438,0.11750757088309945,0.3090718147646084,0.5734206143522921
6908277,0.08498142962231779,0.2761858777262644,0.6388326926514177
6841291,0.050834394658903895,0.23176239517296443,0.7174032101681317
6915178,0.15929252192830007,0.3413375803955557,0.49936989767614415
6893031,0.08841992518479917,0.3577044575167157,0.5538756172984851
6894985,0.2680545302398751,0.3403984104975484,0.3915470592625765
6931134,0.0917379679144385,0.5275478769596417,0.3807141551259199
6872264,0.035789473684210524,0.3299958452280433,0.634214681087746
6816953,0.2747182696530523,0.41771395110525533,0.3075677792416923
7163518,0.4265231246304394,0.4249406709410161,0.14853620442854445
6893253,0.10651515273970205,0.2746023397078107,0.6188825075524871
6943822,0.15,0.7,0.15
6946313,0.04991906100728327,0.2018218595969703,0.7482590793957463
6839443,0.0,0.0,1.0
6911338,0.0,0.11625874125874125,0.8837412587412589
7223877,0.5978181583272862,0.14646288412211333,0.25571895755060053
6917884,0.08374115760788621,0.33501767465333854,0.5812411677387752
6823126,0.0,0.0,1.0
6939488,0.2699025206084541,0.36766952159580935,0.36242795779573656
7196924,0.133313383793933,0.16844300690410527,0.6982436093019617
6905685,0.06914903659863597,0.30611778675256973,0.6247331766487942
6894092,0.0,0.33912032677855425,0.6608796732214458
6812181,0.08374115760788621,0.33501767465333854,0.5812411677387752
6854610,0.0,0.15505384823706075,0.8449461517629391
6873754,0.19273351648351644,0.2835485347985348,0.5237179487179487
6859181,0.8228055278055277,0.0848917748917749,0.09230269730269731
6825402,0.0,0.02222222222222222,0.9777777777777779
6819526,0.0,0.0,1.0
6896065,0.0,0.050473031190321024,0.9495269688096789
6931793,0.0,0.1632936507936508,0.8367063492063492
6907360,0.0,0.1924586261159801,0.8075413738840199
6813182,0.0,0.0,1.0
6823959,0.0319928399146916,0.1292097956559501,0.8387973644293583
6942189,0.00909090909090909,0.546969696969697,0.44393939393939397
6844384,0.0,0.12140368856239474,0.8785963114376052
6836888,0.14534965034965036,0.5103904428904429,0.34425990675990675
6917844,0.012123830457620555,0.14080519685284282,0.8470709726895367
6937842,0.1253745492284703,0.4092449616231243,0.46538048914840546
6926917,0.054550158175153976,0.307882665971452,0.6375671758533941
7160740,0.03138293238284977,0.24909401452991867,0.7195230530872315
6936310,0.20121859932784297,0.34399538370126603,0.45478601697089094
6849109,0.08841992518479917,0.3577044575167157,0.5538756172984851
6831018,0.0,0.0,1.0
6909842,0.061421208949241635,0.1942692452390436,0.7443095458117147
6861360,0.011486973692473968,0.11778261444353619,0.8707304118639898
6883414,0.03299874813000325,0.18165498137811512,0.7853462704918815
6876026,0.034810064293427215,0.2911787232573303,0.6740112124492426
7095390,0.0,0.0,1.0
6932265,0.28246032840146984,0.3113847952686536,0.40615487632987657
6870949,0.026981450465001666,0.19432819017534814,0.7786903593596503
6831335,0.14498171271154078,0.31088640161277453,0.5441318856756847
6895698,0.06527985126919751,0.21456661588361703,0.7201535328471854
6889889,0.08395499475925484,0.2385691768641866,0.6774758283765585
6876679,0.19047619047619047,0.3826190476190476,0.4269047619047619
6947097,0.14920604879420452,0.37684274225728476,0.47395120894851084
6874970,0.0,0.09603896103896103,0.903961038961039
6831069,0.42429461604545543,0.26048473540882755,0.31522064854571696
6833628,0.0,0.45235625485625486,0.5476437451437451
6819282,0.10801628738605269,0.45537110345906306,0.43661260915488426
6825025,0.0,0.04234729009664295,0.9576527099033569
6856513,0.0,0.49952380952380954,0.5004761904761905
6928711,0.061421208949241635,0.1942692452390436,0.7443095458117147
6832548,0.09417972624632993,0.18415056745422032,0.7216697062994497
6881870,0.08575286468074847,0.2779118750476738,0.6363352602715778
6866978,0.15929252192830007,0.3413375803955557,0.49936989767614415
7163400,0.4265231246304394,0.4249406709410161,0.14853620442854445
6917187,0.11750757088309945,0.3090718147646084,0.5734206143522921
6927475,0.0,0.24090656030129712,0.7590934396987028
6903243,0.0,0.6,0.4
6876188,0.07794792704731107,0.31379756947253545,0.6082545034801535
6922219,0.0319928399146916,0.1292097956559501,0.8387973644293583
7104085,0.0,0.08875,0.9112500000000001
6920897,0.18694198195328904,0.303168763197284,0.509889254849427
6812177,0.040659259891381666,0.19662487742211304,0.7627158626865053
6941047,0.0,0.2638095238095238,0.7361904761904762
6827609,0.013941135968928042,0.09799229655041666,0.8880665674806553
6934328,0.054683940242763775,0.2181206816059757,0.7271953781512606
6937556,0.15505550910442215,0.34903145164014726,0.49591303925543057
6879765,0.11279653423940102,0.31752654458292884,0.5696769211776702
6942927,0.0,0.0,1.0
6945170,0.0,0.33485436132494956,0.6651456386750504
6901915,0.0,0.24333333333333335,0.7566666666666666
6824475,0.040659259891381666,0.19662487742211304,0.7627158626865053
6832968,0.07963231331307746,0.29792302497229983,0.6224446617146228
7166718,0.0,0.15505384823706075,0.8449461517629391
6905079,0.008449083589481337,0.09576879891504685,0.8957821174954717
6940297,0.4265231246304394,0.4249406709410161,0.14853620442854445
6911080,0.03996071883423612,0.2569257680824544,0.7031135130833094
6917208,0.10963958977203223,0.2952329267339094,0.5951274834940583
6858925,0.20028164875229545,0.4417963902881681,0.35792196095953654
7169883,0.24082217440935594,0.37594471171639715,0.38323311387424697
6944112,0.19151948411123076,0.3543178471281151,0.45416266876065403
6885816,0.05668510829191655,0.2236822395843229,0.7196326521237606
6837733,0.04114704833671906,0.2740746994834674,0.6847782521798135
6828658,0.0,0.2633333333333333,0.7366666666666667
6839429,0.2359375097097512,0.3285372036628432,0.43552528662740564
7164794,0.11144797360107142,0.2601523526378723,0.6283996737610563
6837661,0.15796163760560047,0.3036073546909461,0.5384310077034535
6883255,0.024580931775448234,0.16121751522153302,0.8142015530030188
6833054,0.26023809523809527,0.4397619047619047,0.3
7675463,0.041666666666666664,0.9,0.05833333333333333
6871526,0.1409221362799618,0.2595374501989833,0.5995404135210548
6876295,0.1792262394468277,0.15396548712725183,0.6668082734259204
7204045,0.0,0.11174128330162811,0.8882587166983719
6840357,0.3088048174735481,0.39218017895417273,0.29901500357227906
6917531,0.0,0.49000000000000005,0.51
6886057,0.11750757088309945,0.3090718147646084,0.5734206143522921
6833734,0.024051208982320122,0.27842033763276375,0.6975284533849162
6908098,0.0,0.0,1.0
6860562,0.0,0.0,1.0
6859167,0.29056043593536673,0.3330558649340209,0.3763836991306123
6812141,0.0,0.0,1.0
6919431,0.024733904425403873,0.17470395966527025,0.8005621359093258
6869389,0.13409259784024288,0.30358357690082455,0.5623238252589327
6906034,0.1253745492284703,0.4092449616231243,0.46538048914840546
7108495,0.0,0.0,1.0
6864681,0.0,0.0,1.0
6893982,0.03791156480652323,0.18725284072656714,0.7748355944669096
6862160,0.021567480105730487,0.24665202751697457,0.7317804923772949
6854804,0.08482347408664923,0.32073359553403,0.5944429303793207
7143164,0.0,0.1344539175323636,0.8655460824676364
6936651,0.06931153579188347,0.19613652380126262,0.7345519404068539
6837450,0.0905866006874846,0.17227101609407647,0.737142383218439
6908259,1.0,0.0,0.0
6916539,0.06849843346066324,0.2937204198533593,0.6377811466859775
6947176,0.28246032840146984,0.3113847952686536,0.40615487632987657
6933958,0.19476189275778816,0.4232195311539235,0.3820185760882883
6816549,0.11179855386960505,0.41552033123223325,0.4726811148981616
6876117,0.024733904425403873,0.17470395966527025,0.8005621359093258
6848605,0.0667007620411404,0.3036832023453759,0.6296160356134839
6840659,0.04742503500279279,0.20897394686741957,0.7436010181297876
6823496,0.10651515273970205,0.2746023397078107,0.6188825075524871
6912609,0.0,0.15296988317207688,0.8470301168279232
7097937,0.0,0.0,1.0
6924524,0.009111409118821169,0.09212107166503108,0.8987675192161477
6938236,0.1091384041303051,0.34120920507807984,0.5496523907916151
6865751,0.0,0.1544943944943945,0.8455056055056055
6936323,0.0,0.06404262404262405,0.9359573759573759
6868422,0.09117026059901397,0.3148139650283291,0.594015774372657
7210133,0.08395499475925484,0.2385691768641866,0.6774758283765585
7215631,0.08498142962231779,0.2761858777262644,0.6388326926514177
6940189,0.050834394658903895,0.23176239517296443,0.7174032101681317
6888941,0.0,0.04234729009664295,0.9576527099033569
6831598,0.10128204001047844,0.3014186277493473,0.5972993322401742
6939963,0.0,0.0,1.0
6897175,0.058654773345635916,0.2498873759923756,0.6914578506619885
6816167,0.047760001436472035,0.0546125116713352,0.8976274868921926
6812965,0.0,0.03307692307692308,0.966923076923077
7149372,0.09432900589784528,0.4703344613392003,0.4353365327629545
6875959,0.0,0.0,1.0
6925644,0.034810064293427215,0.2911787232573303,0.6740112124492426
6874269,0.08374115760788621,0.33501767465333854,0.5812411677387752
6814721,0.004001404001404002,0.2511826060624015,0.7448159899361946
6922432,0.03325012264140872,0.09258019172307697,0.8741696856355142
6858861,0.0,0.17308754152106548,0.8269124584789344
6835339,0.0,0.0,1.0
6896997,0.025901729902659563,0.24316305381692582,0.7309352162804146
6921134,0.06849843346066324,0.2937204198533593,0.6377811466859775
6883685,0.04780885780885781,0.6118737145207733,0.3403174276703689
6911406,0.0,0.0542130685447705,0.9457869314552297
6825733,0.1564835164835165,0.07216117216117215,0.7713553113553113
6884462,0.15002774983681988,0.3296923453364343,0.5202799048267459
6858682,0.019198808465817452,0.06695944990681832,0.9138417416273643
6894013,0.0,0.47833333333333333,0.5216666666666667
6856391,0.15276322442712256,0.39951308114769174,0.4477236944251858
6828064,0.0,0.07896801301916723,0.9210319869808329
6817336,0.0,0.21000000000000002,0.79
6819178,0.023192447527109635,0.07912338572045104,0.8976841667524393
7147339,0.0,0.3408730158730159,0.6591269841269842
6887757,0.19476189275778816,0.4232195311539235,0.3820185760882883
6946859,0.03996071883423612,0.2569257680824544,0.7031135130833094
6855963,0.08689490594138187,0.30751175170859335,0.6055933423500248
6839828,0.13862812965616747,0.4205373010223177,0.4408345693215148
6870806,0.15868300365046095,0.33079203446835803,0.5105249618811811
6880221,0.0319928399146916,0.1292097956559501,0.8387973644293583
6921809,0.0793469357288614,0.3268553212285602,0.5937977430425784
6897069,0.03085668752965971,0.2504068772324183,0.7187364352379221
6897157,0.13650040877595057,0.31909285245198554,0.5444067387720638
6898912,0.0,0.20499117669396308,0.795008823306037
6856271,0.10960309660008272,0.32665617590213836,0.5637407274977789
6888381,0.08395499475925484,0.2385691768641866,0.6774758283765585
7099191,0.0,0.0,1.0
6917882,0.052142857142857144,0.1675793650793651,0.7802777777777777
6931260,0.0,0.0,1.0
6849996,0.17391797229258532,0.5410286299527786,0.2850533977546362
6887973,0.0,0.5383333333333333,0.4616666666666666
6850205,0.08482347408664923,0.32073359553403,0.5944429303793207
6845657,0.5371816638370118,0.06298811544991512,0.399830220713073
6930302,0.08374115760788621,0.33501767465333854,0.5812411677387752
6852391,0.1719490447515794,0.26650358283511316,0.5615473724133075
6920411,0.31131615769632165,0.3735544176363374,0.31512942466734095
6907999,0.024733904425403873,0.17470395966527025,0.8005621359093258
6864094,0.01792464969391864,0.26897425158378796,0.7131010987222934
6813852,0.0793469357288614,0.3268553212285602,0.5937977430425784
7232295,0.13409259784024288,0.30358357690082455,0.5623238252589327
6896558,0.08533524180033032,0.2517751661562421,0.6628895920434276
6858919,0.07863553113553112,0.4044642857142858,0.5169001831501832
6847828,0.10246631849978749,0.295391963303678,0.6021417181965345
6925116,0.0,0.1589344009533638,0.8410655990466361
6854687,0.10128204001047844,0.3014186277493473,0.5972993322401742
6946415,0.08374115760788621,0.33501767465333854,0.5812411677387752
6827859,0.0,0.06375832617211928,0.9362416738278807
6884313,0.3170311705838022,0.33412447201920886,0.34884435739698894
6848651,0.0440735991226404,0.1804048056179816,0.7755215952593779
7136298,0.05287459241444061,0.12291323381219017,0.8242121737733692
6874534,0.0,0.0,1.0
6908942,0.2359375097097512,0.3285372036628432,0.43552528662740564
6894718,0.0,0.0,1.0
6876449,0.2357956462470791,0.2815336797862919,0.4826706739666289
6825630,0.0793469357288614,0.3268553212285602,0.5937977430425784
7155655,0.030595874713521775,0.1161163218707976,0.8532878034156806
7201310,0.0,0.07957163447587524,0.9204283655241248
6864334,0.0,0.0,1.0
6876658,0.042460001282964746,0.2536186731758077,0.7039213255412275
6842370,0.3063061760919029,0.28380039460640716,0.4098934293016899
6835467,0.10126239519060125,0.2962383823878161,0.6024992224215826
7227368,0.07662719071866324,0.24146169549421911,0.6819111137871177
6859482,0.08689490594138187,0.30751175170859335,0.6055933423500248
6878641,0.0,0.0,1.0
6869916,0.011351523993580592,0.09306266475619838,0.895585811250221
6841060,0.0,0.1,0.9
6887832,0.02872881732422424,0.15861228257654578,0.8126589000992299
6905898,0.0,0.17579022819190387,0.8242097718080961
7104742,0.13409259784024288,0.30358357690082455,0.5623238252589327
6948090,0.042460001282964746,0.2536186731758077,0.7039213255412275
6839851,0.16942963469279257,0.22592921698184854,0.6046411483253589
6934051,0.0,0.0,1.0
6888727,0.09735238173926807,0.34113356568516623,0.5615140525755656
7167478,0.03299874813000325,0.18165498137811512,0.7853462704918815
6892109,0.17619047619047618,0.8238095238095238,0.0
6908544,0.29056043593536673,0.3330558649340209,0.3763836991306123
6921725,0.23394672492969706,0.37706452173557437,0.3889887533347286
6932343,0.058654773345635916,0.2498873759923756,0.6914578506619885
6914309,0.0319928399146916,0.1292097956559501,0.8387973644293583
6919805,0.053062111582774865,0.22271080744826718,0.7242270809689579
6947828,0.07219149793063148,0.25397427488773494,0.6738342271816335
6920362,0.040659259891381666,0.19662487742211304,0.7627158626865053
7110179,0.31131615769632165,0.3735544176363374,0.31512942466734095
6877834,0.19878410995866214,0.30819362298378206,0.4930222670575558
6876966,0.2357956462470791,0.2815336797862919,0.4826706739666289
6823918,0.0,0.1168253968253968,0.8831746031746031
6871243,0.021081719812271575,0.0671761529408617,0.9117421272468669
6928189,0.053062111582774865,0.22271080744826718,0.7242270809689579
6852455,0.0,0.278030303030303,0.7219696969696969
7208631,0.08841992518479917,0.3577044575167157,0.5538756172984851
6831811,0.09117026059901397,0.3148139650283291,0.594015774372657
6904276,0.0,0.0,1.0
6831589,0.0,0.23666666666666666,0.7633333333333333
6901814,0.01792464969391864,0.26897425158378796,0.7131010987222934
6854667,0.9333333333333333,0.03333333333333333,0.03333333333333333
7192650,0.0,0.0,1.0
6836299,0.040659259891381666,0.19662487742211304,0.7627158626865053
6887919,0.0,0.08379806105375927,0.9162019389462408
6927679,0.042460001282964746,0.2536186731758077,0.7039213255412275
6855908,0.09942990874605942,0.3253607930838857,0.5752092981700548
6854766,0.01983892803558094,0.24538701145638964,0.7347740605080293
6847472,0.08498142962231779,0.2761858777262644,0.6388326926514177
6862519,0.0,0.17221211852864776,0.8277878814713521
6938819,0.17894415865105523,0.17091443613857407,0.6501414052103707
6945434,0.050860056383712896,0.06240999280044288,0.8867299508158443
6832722,0.8568933624854678,0.0,0.14310663751453223
6852707,0.0,0.08490272034167848,0.9150972796583214
7177680,0.0,0.2494047619047619,0.7505952380952381
6834945,0.0,0.017392857142857144,0.9826071428571428
6890316,0.033273809523809525,0.4154644208560617,0.5512617696201287
6816620,0.0,0.0,1.0
6945175,0.0,0.15296988317207688,0.8470301168279232
6914016,0.14432900432900433,0.41922077922077927,0.4364502164502165
6852619,0.10963958977203223,0.2952329267339094,0.5951274834940583
6813211,0.16365800865800864,0.3268802308802309,0.5094617604617604
6820546,0.032457134066459704,0.22979529720359876,0.7377475687299415
6836128,0.10908086445265053,0.3628016559771996,0.52811747957015
6850557,0.11279653423940102,0.31752654458292884,0.5696769211776702
6864997,0.0,0.0,1.0
6883705,0.0,0.1887406025778119,0.811259397422188
6898767,0.0,0.033660130718954254,0.9663398692810459
6866020,0.0440735991226404,0.1804048056179816,0.7755215952593779
7126382,0.31131615769632165,0.3735544176363374,0.31512942466734095
6847427,0.16365800865800864,0.3268802308802309,0.5094617604617604
6841013,0.04091168403658417,0.24404660130304578,0.71504171466037
6909469,0.08395499475925484,0.2385691768641866,0.6774758283765585
6922473,0.0,0.0,1.0
6925906,0.10128204001047844,0.3014186277493473,0.5972993322401742
6946014,0.040659259891381666,0.19662487742211304,0.7627158626865053
6820739,0.11338621221339269,0.4741773105040508,0.4124364772825566
6927559,0.08841992518479917,0.3577044575167157,0.5538756172984851
7174772,0.0,0.04487011107172397,0.955129888928276
6931036,0.0,0.383982683982684,0.616017316017316
6918163,0.012123830457620555,0.14080519685284282,0.8470709726895367
6893604,0.0,0.3761904761904762,0.6238095238095237
6868844,0.10246631849978749,0.295391963303678,0.6021417181965345
6814537,0.472075485273695,0.31883861005855896,0.2090859046677461
6916118,0.0,0.35714285714285715,0.6428571428571429
6838509,0.0667007620411404,0.3036832023453759,0.6296160356134839
6919725,0.1280949126479381,0.3667239641956709,0.5051811231563911
6932476,0.0,0.15757936507936504,0.8424206349206349
6860496,0.0,0.42494588744588746,0.5750541125541127
7156799,0.0,0.5233333333333333,0.4766666666666667
6837521,0.021081719812271575,0.0671761529408617,0.9117421272468669
6913204,0.06849843346066324,0.2937204198533593,0.6377811466859775
6947516,0.0,0.0,1.0
6838117,0.026981450465001666,0.19432819017534814,0.7786903593596503
6933366,0.10963958977203223,0.2952329267339094,0.5951274834940583
7134198,0.0667007620411404,0.3036832023453759,0.6296160356134839
6898450,0.04991906100728327,0.2018218595969703,0.7482590793957463
6819926,0.10128204001047844,0.3014186277493473,0.5972993322401742
6947698,0.09735238173926807,0.34113356568516623,0.5615140525755656
6838721,0.013636363636363636,0.0853409090909091,0.9010227272727274
6936661,0.16999999999999998,0.5602380952380953,0.26976190476190476
6912257,0.00546875,0.425,0.56953125
6905569,0.0,0.049134199134199134,0.950865800865801
6927167,0.08841992518479917,0.3577044575167157,0.5538756172984851
7150689,0.08558663558663558,0.14856643356643356,0.7658469308469308
6820358,0.03751162868857969,0.561149323260258,0.4013390480511624
6945045,0.0,0.08269012849895203,0.917309871501048
6866884,0.1764870305488967,0.2594520253242362,0.5640609441268671
6820658,0.01197797315057377,0.16771365588703052,0.8203083709623957
6826462,0.0,0.7514285714285714,0.24857142857142858
6932390,0.0,0.0,1.0
6905031,0.10367835553793373,0.4394824714897029,0.45683917297236337
6923011,0.0,0.31507936507936507,0.6849206349206349
6908504,0.16174603174603172,0.2812698412698412,0.5569841269841269
6881050,0.17476962627355241,0.34172373342880236,0.4835066402976452
6892968,0.03998134527642215,0.12727755352392203,0.8327411011996556
7346996,0.09126674713101848,0.29097730340231076,0.6177559494666707
6876206,0.0,0.06323701410388717,0.9367629858961128
6813475,0.13755340133931598,0.4055903182267683,0.4568562804339157
7190057,0.3063061760919029,0.28380039460640716,0.4098934293016899
6838465,0.1218426696018287,0.4688991616516443,0.409258168746527
6899364,0.0,0.21341991341991343,0.7865800865800867
6891616,0.0,0.14877345094992156,0.8512265490500784
6836715,0.0,0.0,1.0
6829616,0.08533524180033032,0.2517751661562421,0.6628895920434276
6829144,0.0,0.39862637362637365,0.6013736263736263
6893064,0.0,0.049170720919946925,0.9508292790800532
6861300,0.0,0.06228310684435821,0.9377168931556417
6926847,0.1817322909293154,0.42123036679363157,0.39703734227705306
6894021,0.011734865394464344,0.18216227251077485,0.8061028620947607
6897946,0.07662719071866324,0.24146169549421911,0.6819111137871177
6835716,0.07373182631180489,0.4433235124266667,0.48294466126152835
6832160,0.10908086445265053,0.3628016559771996,0.52811747957015
6835291,0.0,0.0,1.0
6945184,0.0,0.1,0.9
7140488,0.0,0.09706537885246325,0.9029346211475368
6937850,0.15002774983681988,0.3296923453364343,0.5202799048267459
6899603,0.015288220551378445,0.39620093013281876,0.5885108493158029
6903105,0.18241649754077688,0.16324177799508446,0.6543417244641386
6828476,0.012123830457620555,0.14080519685284282,0.8470709726895367
6835098,0.004705882352941176,0.010261437908496731,0.9850326797385621
6830512,0.17246071162888538,0.2604130223107717,0.5671262660603429
6879997,0.012123830457620555,0.14080519685284282,0.8470709726895367
7131517,0.03138293238284977,0.24909401452991867,0.7195230530872315
6835955,0.07373182631180489,0.4433235124266667,0.48294466126152835
6875250,0.0,0.6023809523809524,0.39761904761904765
6932794,0.07076407859855388,0.2738140364956342,0.655421884905812
6948263,0.052678216542111536,0.2911222611269391,0.6561995223309495
6867201,0.09117026059901397,0.3148139650283291,0.594015774372657
6882748,0.408522962466355,0.14156841105875947,0.4499086264748856
6902842,0.025901729902659563,0.24316305381692582,0.7309352162804146
6847535,0.10060192344506154,0.361560682685495,0.5378373938694434
6825267,0.024580931775448234,0.16121751522153302,0.8142015530030188
6909277,0.06931153579188347,0.19613652380126262,0.7345519404068539
7152429,0.12206349206349205,0.877936507936508,0.0
6931179,0.0,0.12140368856239474,0.8785963114376052
6896746,0.07946179791030189,0.2779139081177114,0.6426242939719866
6937073,0.0,0.6,0.4
6934627,0.0,0.0,1.0
6887878,0.15002774983681988,0.3296923453364343,0.5202799048267459
6921531,0.15310884703531763,0.30039141250905954,0.5464997404556228
6897461,0.027200228433682916,0.21607361284280566,0.7567261587235115
6862066,0.018933664446306567,0.2803796125992029,0.7006867229544905
6851531,0.23095238095238094,0.12857142857142856,0.6404761904761905
6928550,0.023192447527109635,0.07912338572045104,0.8976841667524393
6945851,0.02821557555235198,0.2771452889384022,0.6946391355092458
6946955,0.0,0.0,1.0
6869136,0.1778286375674109,0.3182787568504221,0.5038926055821669
6908667,0.09432900589784528,0.4703344613392003,0.4353365327629545
6820525,0.0720710343332865,0.34939610902739865,0.5785328566393148
6887970,0.09774799096838302,0.32153675673053345,0.5807152523010835
6848365,0.07894030436279348,0.20688266767921615,0.7141770279579904
6816173,0.0,0.0,1.0
6900732,0.08482347408664923,0.32073359553403,0.5944429303793207
6815786,0.03791156480652323,0.18725284072656714,0.7748355944669096
6945972,0.2357956462470791,0.2815336797862919,0.4826706739666289
6848445,0.026257548880368704,0.11897319929942349,0.8547692518202078
6856486,0.07662719071866324,0.24146169549421911,0.6819111137871177
6867010,0.040659259891381666,0.19662487742211304,0.7627158626865053
6828257,0.1617722653809791,0.3271831809291184,0.5110445536899025
6871807,0.06849843346066324,0.2937204198533593,0.6377811466859775
7212966,0.0,0.08224884206361083,0.9177511579363893
6889959,0.09942990874605942,0.3253607930838857,0.5752092981700548
6915510,0.061421208949241635,0.1942692452390436,0.7443095458117147
6905402,0.015405279397853841,0.15155856575056642,0.8330361548515797
6826100,0.026405082372842704,0.27767711609763446,0.695917801529523
6848893,0.016949351177804096,0.21782974410282482,0.765220904719371
7155647,0.07076407859855388,0.2738140364956342,0.655421884905812
6812883,0.08913427263494898,0.2595793021906357,0.6512864251744154
6866095,0.0,0.03716253989878278,0.9628374601012171
6931127,0.061421208949241635,0.1942692452390436,0.7443095458117147
6829407,0.09777086656502426,0.4479585544484165,0.4542705789865592
6867548,0.4265231246304394,0.4249406709410161,0.14853620442854445
7132575,0.03369282943455625,0.15024646297458616,0.8160607075908576
6890847,0.006994818652849741,0.2888687392055268,0.7041364421416235
6916429,0.14539491178751107,0.33397624354513106,0.5206288446673579
6884716,0.42429461604545543,0.26048473540882755,0.31522064854571696
6896897,0.0,0.5216666666666667,0.47833333333333333
6941572,0.1091384041303051,0.34120920507807984,0.5496523907916151
6945277,0.021567480105730487,0.24665202751697457,0.7317804923772949
7133293,0.09769238193074155,0.29320199462590696,0.6091056234433514
7213385,0.0319928399146916,0.1292097956559501,0.8387973644293583
6831928,0.03886744256589287,0.21443886074660573,0.7466936966875015
6932687,0.0,0.26017316017316017,0.7398268398268398
6873877,0.040659259891381666,0.19662487742211304,0.7627158626865053
7135459,0.05418250304303357,0.2813924008088343,0.664425096148132
6876620,0.0,0.0,1.0
6936163,0.0,0.0,1.0
6912398,0.2359375097097512,0.3285372036628432,0.43552528662740564
6917655,0.0905866006874846,0.17227101609407647,0.737142383218439
6941149,0.11638888888888888,0.35138888888888886,0.5322222222222222
6941378,0.024051208982320122,0.27842033763276375,0.6975284533849162
6882453,0.0014925373134328358,0.004477611940298507,0.9940298507462686
7119160,0.19878410995866214,0.30819362298378206,0.4930222670575558
6868451,0.0,0.33938644688644687,0.6606135531135531
6945881,0.0449955064861808,0.14394164881826288,0.8110628446955562
6822541,0.1091384041303051,0.34120920507807984,0.5496523907916151
6884355,0.13409259784024288,0.30358357690082455,0.5623238252589327
7132247,0.06914903659863597,0.30611778675256973,0.6247331766487942
6872049,0.0,0.21261904761904762,0.7873809523809523
6890740,0.18157255305081393,0.2888263427393862,0.5296011042097999
6840897,0.08498142962231779,0.2761858777262644,0.6388326926514177
6847694,0.08374115760788621,0.33501767465333854,0.5812411677387752
6938196,0.0,0.0,1.0
6939526,0.04091168403658417,0.24404660130304578,0.71504171466037
6917529,0.11144797360107142,0.2601523526378723,0.6283996737610563
6885636,0.0,0.0,1.0
7202614,0.04742503500279279,0.20897394686741957,0.7436010181297876
6926453,0.0667007620411404,0.3036832023453759,0.6296160356134839
6844636,0.15929252192830007,0.3413375803955557,0.49936989767614415
6879293,0.05555555555555556,0.02222222222222222,0.9222222222222222
6924780,0.10128204001047844,0.3014186277493473,0.5972993322401742
6881024,0.17894415865105523,0.17091443613857407,0.6501414052103707
6851374,0.1764870305488967,0.2594520253242362,0.5640609441268671
6850953,0.0,0.33912032677855425,0.6608796732214458
6892292,0.0,0.08017332324779441,0.9198266767522056
6886159,0.0,0.0,1.0
6849877,0.06849843346066324,0.2937204198533593,0.6377811466859775
6940840,0.028396915393843074,0.12746726164576133,0.8441358229603957
6926838,0.042460001282964746,0.2536186731758077,0.7039213255412275
6879243,0.0,0.47833333333333333,0.5216666666666667
6944286,0.1778286375674109,0.3182787568504221,0.5038926055821669
6915587,0.31131615769632165,0.3735544176363374,0.31512942466734095
6881904,0.10128204001047844,0.3014186277493473,0.5972993322401742
7154358,0.1409221362799618,0.2595374501989833,0.5995404135210548
6899258,0.0,0.07957163447587524,0.9204283655241248
6855460,0.15868300365046095,0.33079203446835803,0.5105249618811811
6864884,0.10128204001047844,0.3014186277493473,0.5972993322401742
6868209,0.026405082372842704,0.27767711609763446,0.695917801529523
6853834,0.0,0.15505384823706075,0.8449461517629391
7210020,0.07662719071866324,0.24146169549421911,0.6819111137871177
6933228,0.00909090909090909,0.0,0.990909090909091
6929227,0.09432900589784528,0.4703344613392003,0.4353365327629545
7192346,0.10307908340113041,0.39655616993777393,0.5003647466610956
6928834,0.0,0.0,1.0
6812269,0.0,0.0,1.0
6851446,0.08027440764454932,0.3312472015346285,0.5884783908208222
6930820,0.0,0.0,1.0
6875310,0.04991906100728327,0.2018218595969703,0.7482590793957463
6932397,0.08862304362304362,0.6416758241758242,0.2697011322011322
6904291,0.0,0.07745915032679737,0.9225408496732026
6921642,0.0,0.6166666666666667,0.38333333333333336
7136057,0.1719490447515794,0.26650358283511316,0.5615473724133075
6920815,0.0,0.07896801301916723,0.9210319869808329
6861757,0.1402930402930403,0.44884615384615395,0.4108608058608059
6934222,0.472075485273695,0.31883861005855896,0.2090859046677461
6946448,0.0,0.0,1.0
6890569,0.06735013906003984,0.34936387444610034,0.5832859864938598
6884477,0.0,1.0,0.0
7145006,0.0,0.2,0.8
6893718,0.0,0.0,1.0
6893330,0.04678339289323271,0.15567372421205372,0.7975428828947135
6901780,0.0,0.0,1.0
6815738,0.13017577756467041,0.32500821702521254,0.5448160054101171
6917209,0.06035238813745898,0.26033175220422405,0.6793158596583171
6904227,0.009111409118821169,0.09212107166503108,0.8987675192161477
6894402,0.0,0.0,1.0
7146083,0.0,0.1,0.9
6902153,0.0,0.0,1.0
6925988,0.0,0.6416666666666667,0.35833333333333334
6881323,0.0,0.0,1.0
6937405,0.30369406737053795,0.5565451950010774,0.1397607376283847
7098390,0.7,0.0,0.3
6935942,0.25752747252747255,0.15454517704517706,0.5879273504273504
6833510,0.021567480105730487,0.24665202751697457,0.7317804923772949
6812857,0.08841992518479917,0.3577044575167157,0.5538756172984851
6828441,0.1778286375674109,0.3182787568504221,0.5038926055821669
6915711,0.1218426696018287,0.4688991616516443,0.409258168746527
6880643,0.08689490594138187,0.30751175170859335,0.6055933423500248
7224930,0.051956124430481886,0.251003108313451,0.6970407672560672
6852614,0.0,0.0,1.0
6853816,0.050860056383712896,0.06240999280044288,0.8867299508158443
6811964,0.01197797315057377,0.16771365588703052,0.8203083709623957
